4.8502342059333
1.09555272533973
7.20934786667593
-5.90402981743435
6.7825902206298
4.02403502588808
0.00931922225513898
-2.88727142229704
-1.61311063546162
-4.90978437194872
-4.27120500877267
9.63880392172226
5.56937899060617
5.96428107373774
-4.16113802208319
4.15740907651651
15.1699623835114
-4.37602374136895
3.9672078684494
-1.94216229217207
-9.54292130864331
-4.35242629294538
-3.96992123529957
4.98489989990534
-5.51831169908639
3.3697549234982
-0.808052040662373
2.09987414204864
9.33138378883789
0.890812817516224
-3.41758077634003
-3.57709943331675
-1.64468387535918
-4.29594722333028
2.35562894588358
10.3612579651613
1.53311437195026
0.925615441086412
0.0543943584447167
9.02444672314251
1.40759900362943
1.00080314671701
-2.36583300288464
7.36435340724449
9.15666787238082
2.21133022910051
3.44840768734019
1.19434981946078
4.57289810186947
-0.856406076804907
-1.19281568850143
-0.0964202409040787
0.623707044415299
-3.94548544100778
2.68208254779707
0.0126580462324794
-3.25086493645121
-6.61705107551889
-0.0396088189187681
-4.37071739150166
-1.12006172603313
1.61349125325621
1.96213801620095
1.95507152969456
4.13703904068397
4.70998568160152
-0.454257718738153
-10.037848468252
3.80121148401033
-3.22846137920926
-0.811359433979397
-7.12488115600412
6.76905265236912
4.61079794713819
2.60947710640022
5.09796513778745
-3.89391082780777
-6.94244101084032
-2.11853153582963
-2.23295207035827
3.12947211880275
2.85690338263731
0.861739338119036
-0.281305854005049
-1.98412928944121
-3.67674849138314
-3.49041636654993
1.11647343779176
-6.20484027269735
4.00658967365696
4.20941891053455
-2.29119769114487
5.12373027984813
3.82236689477399
-7.52437808049544
-6.6418340085228
8.84241764815091
-2.2917460221003
9.73748498950875
-8.95261572580261
3.35546795599711
-0.842589165313453
-2.48341589993141
7.52659702346054
-3.50107141355803
-9.3714787037225
-3.8464419749093
-4.17601583945839
-3.26179530521205
-9.53693940526857
-0.477965919304945
11.3299466049594
4.91311053372772
2.92862258124374
-0.333071269107519
4.35245585535553
-6.92177374355765
-0.961369575928067
-5.5306393949591
10.101075825162
0.854289460407948
-0.105749858293892
-0.90429959333985
2.94301255057256
0.953807669556684
3.12706689461308
0.146442188857216
6.07556738949074
-2.25845769086645
-5.06574844747805
-0.157596071736612
-1.2586098043437
-2.80310419451663
-7.14764750446785
-3.1449854830414
11.0943806489737
9.78164400954477
-1.3444348464145
5.48915825233913
-4.4204622127707
-10.325743996734
4.40168491430183
0.929160332770448
-2.18601085143128
-1.44818635175898
-5.20709127648446
-0.354654212173758
2.31537725946413
4.73699022242002
-1.67169917451022
-3.27303586920265
-4.31681928891748
-0.31115685622234
-8.74943432539627
0.736772254733857
0.67116413774141
2.32734566444685
4.12833983636078
-3.50512030038485
-5.44816605588942
-4.41508985531175
-2.37439646480385
1.16091780565522
-3.47130594480121
-3.79149230311582
-2.86101271867001
4.93288958105422
-6.87556802367724
-2.23968096939968
-3.667438972736
-2.28927385878697
3.87837846374641
-6.29150925906848
-11.1899867289604
-8.32339662252662
-4.59169587935289
-11.8569513541354
-3.1472080792375
-0.355323185533169
4.13405134684523
0.987936606460386
-9.43212128731724
-9.59868029692673
-5.71830548765839
-11.9692443933957
-5.47963852519428
-2.18411300305092
-1.11878457709643
9.96628162742812
3.30218283158748
5.3761121639658
-5.77330249637376
8.50114795370608
4.39731747377803
0.0495167600000808
-4.14142143954959
2.75209208433309
-3.59698062385193
5.00361787859464
5.1058068565191
-2.21592277921847
-2.19745390758403
10.2974985837797
8.44422018817254
-1.1060841509425
-6.07417142055813
3.38042316997898
-1.60406883365518
3.79180718050069
8.48428382315667
1.02678220599167
1.8269404069483
-0.831314168207967
-1.1457931798432
3.2269263070868
-7.33047623540579
1.73504674440223
-0.857247277635866
6.72149034698673
-3.49768404447059
-0.57998178485102
4.21110652456424
-0.35529360368106
-2.28543086026736
3.73651429094779
1.22335509446043
0.650658424786857
5.11588570187424
7.39247761753109
-0.171057839587772
5.0416358139283
-3.33368069564081
7.80000365609337
-3.15538413427728
0.371024018236366
2.21364650536005
-5.77910789784674
-2.9814273027136
0.496304904349915
4.10655945740338
-1.20060730732625
6.76571206432357
-6.22089275765123
-3.74979088783051
-5.16729785000711
13.6534016913346
-0.176472336668499
1.28725624728341
5.53008275429265
5.25797223735864
-3.18274576365095
2.87848354840297
-13.5563776664443
4.28287692439106
-1.02690967971774
-1.18774299723518
1.00040320938314
1.4525345821342
5.20706312003651
4.3480295193542
3.96392425972628
-3.22932078311306
4.04521822821511
7.33058206247212
-1.25598449017388
-4.85114585474652
-5.4044509165813
6.49296766067462
-0.580110145832698
-16.0288124588694
-8.98465670600496
-1.69859316017522
1.92288477965628
3.79967924140048
-8.16161002488389
-1.24760168157123
-8.46955403873545
-7.29314242359832
5.34309003757225
-7.06533059757213
-5.31737542435936
-3.26025794682746
0.79832082407724
-5.9819782181954
-0.378046522001666
6.2473502504317
-2.66975670749803
3.98988307366317
-2.13417883154001
0.76824852672606
2.69543527897008
5.99929930476161
0.308127946141412
-6.39194779878872
-4.34576649261547
-4.57835954260455
12.1840153655897
-15.4141985861351
3.66773840724078
2.48879544346363
2.2734202082033
-4.41766183232812
-2.63856958065817
-7.99188306086479
-0.674878498636394
7.16663439094077
1.15369988019186
3.46598901584084
-5.93250763330984
3.05869355955829
4.38824121915918
0.353523650086179
3.2691327236066
-1.47942646719776
-2.89828580618812
0.00570698470365794
1.76948108955923
-5.08763471495227
-0.670476853784536
7.17979255467552
-7.04736805562747
5.07566573014855
1.36808657464809
-0.926561701980841
-3.84125157148841
4.35620847738478
0.881850000093533
6.11754753605782
3.71488964175822
1.78723563865756
16.0980796426704
3.82381721416585
-6.64366256355879
2.31346171141726
-0.0170586528049583
7.07724905140489
2.74348689776205
-0.00885423439648558
2.85372970309436
-4.50878670581192
0.692072571748636
-1.64966184210272
3.41193802556194
-1.82554970595552
-6.55684669290951
-1.45235852097046
9.00504403765305
-5.17927983426681
-1.13428262547009
1.68515949499893
5.21811410207456
0.770722332550173
0.197283014957446
-1.87467835677221
1.97036696124965
3.61126310570769
3.1760565734636
-1.1144477646572
-6.62520305852951
1.3881565609714
-6.87224172615809
12.8034384440859
3.51123019853617
1.14698894661644
9.27487755967923
-2.32434117206475
4.1501679700108
4.96598968703698
-1.13147030833005
4.15186799365158
-12.2867726783053
-2.27018966786545
3.20235531990007
1.50601564194033
-0.755847587254684
7.29533241692466
-3.50417194668279
-3.11609798715491
-10.7542455001987
10.8249540929623
1.58510233422215
2.25520262447924
-0.525384706362722
-4.35349540091446
-0.0590206654407933
4.91980496202714
-3.34532500733117
-6.14930656756819
-3.35426005786799
-1.3902882192142
-2.17245185707414
-4.27103280137077
-2.30601311447252
-1.9504002954077
-1.86217176457535
-2.99122939150607
-4.25769288013739
-2.25213847954895
0.184430966148362
3.95279944442124
-3.15505428392986
2.07797738125266
-3.07516479570702
-3.1904274151703
5.97865273948092
-5.69932317258409
1.48565387805665
4.5224234910822
-3.79629197132565
9.37534905330548
11.1296255986931
-3.68993689413799
-4.11835659426418
1.1533053995267
-3.4812916840294
1.1838336715013
-4.39575245156613
5.5670481427971
-1.30941775527319
0.930074363920751
-5.37328519026146
-5.33165563702731
0.0840363681620443
-1.4646827543537
1.41415103843373
-1.3115072203977
2.43351459194953
-1.39500899937754
5.84196535899782
1.04245826569276
2.268042000151
-0.127542011538274
-0.608159826921539
2.48114058840451
8.76690891488111
7.0928972356816
0.0409551162756459
3.1032121980045
-1.33327448868497
0.257914775483571
-2.99629624766928
-2.38947175172707
4.44386983939643
1.67483777983192
0.194090933539147
-1.35820072816602
9.60466223738204
4.18260957945858
-2.34421926144283
5.45732474096568
-6.88368833094644
-3.76096979719954
0.633712330527525
2.24344116143993
6.98644334299471
1.40870598328178
-4.36554859494045
-9.02362227406904
-3.14246744024635
-0.509169559822755
0.643575720620869
-7.24867550315623
3.4463616079412
-1.91236636040146
3.16057850673882
0.351181964740791
-9.94483579362948
-1.3327348748321
-7.10734818784439
-6.0096971569067
-6.47931955777058
2.42635754213751
-0.631082424779545
1.5240475175177
-4.16107714351651
-5.70747814139819
3.48035912991538
-1.22103801656952
-3.17471774727637
3.71102252305753
0.624867970262534
-0.613964187620468
-12.0432750168757
0.683392172680586
3.876764861297
4.70289715039607
1.23836257620889
-1.84209358959028
7.09137649228935
-6.24238465064206
0.360085476343117
-11.6932530234779
-0.910456276221834
2.01280964431004
10.439686945605
2.0665137377845
-5.56237329254042
-11.2868749890824
-1.16033890834115
0.425647685529367
-1.48947490749353
-12.8406338871027
-0.16562321296406
-6.2070819000294
-4.88478847833878
-4.41708105321123
5.96588021396671
1.73467510119674
1.20578466219144
-9.58415907114638
0.34089174853822
3.12371461527416
2.54985214661132
3.54290101135905
6.63189423376329
0.19388845624465
1.47222749861494
-3.9212789750272
-3.68836702836622
3.03828675864576
-0.70536705513294
2.36078552712374
1.92369627973144
4.73128660059947
-3.39374821438705
4.25664322785517
-4.84836849715737
-0.396625222091253
-1.40705020799226
-4.41113374577973
3.68047648541253
3.05316422894599
3.93864180441039
-8.4869599873284
-4.58459402697546
-0.819569995522518
6.12543225747949
-0.0822964224677621
-6.24321294647692
0.701032695232436
0.86345342827219
-5.94055611032105
4.94422818827019
-1.29372425115116
2.75999886328164
-3.39377215555211
-1.27651166654322
-3.18682802777196
-4.65742937185325
-0.993899467307928
-4.82381218477879
-2.2766425834129
3.50825424904243
-2.21373004385714
11.5307793184991
5.21301586889285
3.17742185403524
-0.874871348901681
-3.19888156352538
-1.75401425182172
5.95741939385154
-3.9941915435883
1.19387346718249
-4.36584114038141
-6.7089838167919
-0.0500058919890855
2.83187730039094
-2.96293975928734
3.64418712952047
5.66774452431724
9.16913650612772
4.55623481614841
-1.1311713101324
3.20411663366965
0.235711976203329
-10.1207552494974
5.4471797983585
8.13179375796106
-2.74054214009973
5.5466898992505
-7.73155611717227
2.63506904019935
-4.40808127519706
4.6279462570116
8.00300235502477
1.70412985892515
7.46046220589425
-6.4123865790921
3.88960499013576
4.53407548567416
6.11914592408142
6.68368866801608
0.0145591904947061
8.05379641085381
1.12214943223238
3.75913930237863
5.0126566118584
1.38639700698963
5.41802050794399
0.055094538533422
-4.39857849806669
10.2181690427546
1.33398410347443
4.03541087010778
0.185948047766612
-0.685602844984627
2.85323522234239
4.10180801463761
2.7580201038202
-4.7079249137393
-7.79581300591999
-5.33228564068576
-1.16246560316297
-1.82248628544834
-5.25955418344227
2.38981865314329
-1.15857563137892
-2.64527724090276
-4.98770651446805
4.16179394238029
-3.04345094379004
2.54093090389424
1.86428431999649
5.83009487613109
1.48251721035365
-6.88202152006348
6.73912995085318
-0.368781733346563
1.66857905700908
-3.68655434973731
3.35804213097438
6.17494685067435
-3.83156767325843
2.90267701571592
1.55661542255357
1.69391530544999
0.852227466905321
-4.2979252229059
6.19061342631494
-5.50600018316521
3.43620255751643
8.78454276806189
2.85772928993862
3.00363693290534
-3.2016561199173
3.97657680531193
-6.21624541192234
3.28162583443055
-2.62895982248689
-6.08561353625494
-1.05745933815822
-3.39659591798649
4.8903894024053
-4.03169431957091
-9.9776939418579
1.87200437004544
2.18723527516014
-2.26393262000339
2.36550334065355
-3.79919967747633
0.44597587884804
-7.2781425580376
-0.0563676227888876
1.22399490436151
-0.466685344511914
2.68538792477412
10.3877463610914
-7.5399682057506
-3.34051750442588
3.11789316067913
2.08063542373395
2.18084935072944
-6.53260321469032
4.135522340814
2.74763160171011
-1.46786464951646
-6.53253480391106
1.84865377948104
4.32598243974466
0.274404962777089
-1.72466507368449
-2.49049278668452
-4.79236294266301
7.73400393108383
2.30689987683184
-2.1546589202852
-3.28812481008488
2.24306284777351
-5.93988481880855
-2.0703719814213
4.25301980464435
-11.5933715263848
1.80894590477314
-2.57615257973582
-1.13539133751792
3.97284225220013
0.118103722743609
-0.823520893298341
-1.58747818432525
0.965608740839075
-6.44515461783519
4.22705168317887
11.0677394885535
-4.21056986452747
5.0951039375928
9.02779367863102
-1.7938281323759
-0.0999045161811363
5.8023063468363
0.120143810578358
11.5292900174971
-1.12403447425473
-4.54261541308413
3.94887709345498
3.16586042518627
5.85458102319009
4.73707042127536
0.671260569964354
-8.31999785868668
-9.3772771888974
-2.58923410241763
-3.10454876571994
-4.31332029683721
-0.576884400893218
7.08284418860801
-0.652027612521273
5.69090802514405
-7.1976145425656
-0.0989202676448735
-3.43244905198362
-4.37301494826178
-4.15532754832937
-8.84019973250645
-5.86590827573132
-6.06462867165111
1.47795733940234
-3.49862903160858
3.86838431082959
-9.31189000491037
2.45294785410208
-3.5542467296095
0.077388659190083
-8.89644751681177
0.951230504301574
4.74233461997197
1.62275550775131
-4.61894998511656
1.13698774371186
3.41562493943283
-3.50244976247912
7.2868592540344
-1.02672324537001
-0.0529675053105461
-3.52220976184939
-1.10859925791271
-3.460926009625
3.66728059497136
-8.1262678863447
-1.33290990994514
-3.99237497701848
10.0455669657584
2.61835376335453
-2.77088016125547
-5.32999123134169
-2.93061078054526
-1.98581424939229
-4.49619680901727
-6.67862872001418
3.78694623899912
-9.09054528078943
-0.502123318192185
4.87185653075565
-2.57255904180676
0.353733669064901
-5.21973132432105
-7.25467456616183
7.05150215647082
-0.659980027973427
-4.85420192496836
6.82731944464716
6.77446555139569
1.82270950535875
-4.49949909444738
1.08126006198629
8.3863877716771
3.59804660881926
-0.555798042956279
5.11751197641013
0.814714179045564
6.75408893111151
3.85471400294914
-0.323081489173848
-5.49919882482192
5.10737397472312
9.04650553100718
0.548642684040827
0.356577455898599
6.69459356524414
4.48866676213259
2.24999531596326
0.221894457636746
-6.54876947228881
-9.50720681417136
1.00377094585418
4.3999495781165
-6.75294551069814
-2.79570083295187
6.3937074199744
-2.06631276881611
8.48710142393312
-2.62615435085865
1.6219068777136
2.49621898410021
7.05628908598999
4.2071839794189
-0.261560499074163
-1.89014954575448
3.57981623199214
-7.31096771313523
-5.12488594821612
1.77408708072166
-7.85388639229941
-5.88298413296245
-10.8193507109642
1.46908604708025
2.07132344289459
-0.367406423693151
0.853214192039024
7.70602779301471
-2.69410076889207
7.56052935872446
4.03054242168197
-1.16550822198351
-0.513537183209539
-10.0205011888593
4.51170297804875
-10.2409750391273
-5.5233555408416
-0.63776988489902
-7.21167906537416
-4.65676303058009
1.01314003770732
-6.87052742555372
5.39372700610084
2.88504557629606
-2.79557493876736
8.47453545741415
-6.197250638461
4.3788620810205
4.94644265496576
-3.72390416939913
0.447540818626775
-0.0993261269892143
1.69621390039677
0.882446996079427
-4.8732731061399
8.90164843137497
3.90805468701084
3.59166124121864
-7.78534021345256
1.57186570089862
-9.81253326808018
-4.59867533563713
3.15186908776414
1.7614527818809
5.13891892624622
0.8773169893411
2.95593760138212
2.57940887308633
-0.561268127355335
4.14857048108442
8.65305209266414
6.53043181876271
-0.0019423498010732
-10.3113884464436
2.68003264988842
0.783493062472647
-6.40896591454657
-2.11895583177284
1.0682091965037
-4.11576497134854
1.78412294944099
0.564460639041519
-1.71577124743049
7.06602051922548
-0.172454332332259
3.68840585368691
-1.32566412462868
-2.7880549942939
3.56592900571242
-12.1961169147965
-2.85499439758106
-2.27496945213152
-8.25054843428227
11.6807299769506
-2.34409515997018
-2.05779530827139
-7.828476374622
12.2938330206794
3.21224817338257
6.8068091226439
-3.29569734720493
1.53022509451884
1.77967535523722
4.18442344169456
1.80119199942903
2.2018575501888
-0.56050270958495
-7.6046905194618
-2.92439621073628
-7.08272101337248
-3.32016549796387
0.675478141055704
1.2188183862586
6.36025445535123
0.40690722020594
-7.61123784586306
1.1290573606862
-7.45674118558916
1.93040953970006
3.53600433408815
-1.23097314438325
-6.38953882462933
-1.04053820514747
-12.0804928840601
0.16402342100619
-5.52598618680533
-4.53076622192761
-5.0610480492153
-2.89710746582154
2.48612293805237
-6.37366689356894
-9.49398987561298
-8.4017218832523
-2.44729994521058
3.55882958664926
3.62505754048326
1.37660807644764
11.4655060134422
2.03043959839388
10.6258557099014
-0.121934189712284
4.71614993068757
4.91145022791266
-10.2737180622988
-2.36195131950668
-0.791552186381039
10.2616058351521
4.54754670875868
-2.75609856043828
3.30300693268172
-3.31745328465706
-7.58932575718923
8.11358043064748
5.96934795000611
3.81708165236487
2.22959572383099
0.0440158228496529
-10.0238546331974
1.23762850151101
-5.47765036098426
0.398507746646539
3.0040780118917
-5.38366556072583
-3.67934703243112
4.60116726316125
-1.16734541315625
4.84437199664262
-2.48755320911898
1.16685526208387
-6.6590424314564
10.3991536531989
1.71144083181344
2.0320691340938
4.65132019898256
0.752310903816937
3.96835764259058
3.12626257394025
-12.4891399421549
3.95429088569327
-8.8599892052007
-0.935411224321717
-7.50914775186861
1.99617621960058
-4.54540012030432
-3.24461692881013
5.08119376855168
2.95767712910789
-4.95342597991168
3.24369833481016
-1.74398493522267
0.88445391253219
2.2374715134124
2.1346002021013
3.33453980066077
4.29536187300243
4.55740941911949
-4.9082171422667
-1.8311171683622
5.07999847698932
